[gd_scene load_steps=10 format=3 uid="uid://cx6y5d4an5e2f"]

[ext_resource type="PackedScene" uid="uid://5iu2qbwlqata" path="res://Scenes/Game/floor.tscn" id="1_vk57k"]
[ext_resource type="PackedScene" uid="uid://588pjlekpvmq" path="res://Scenes/Game/wall.tscn" id="2_8ffim"]
[ext_resource type="PackedScene" uid="uid://dd7j54flskbo6" path="res://Scenes/Game/x_shape.tscn" id="3_xfk5q"]
[ext_resource type="PackedScene" uid="uid://bt0vr7u3ixox1" path="res://Scenes/Game/square_edges.tscn" id="4_7p6j4"]
[ext_resource type="PackedScene" uid="uid://bki2dsl3nwa3g" path="res://Scenes/Game/square_cross.tscn" id="5_6444e"]
[ext_resource type="PackedScene" uid="uid://h8d3nkomdk1" path="res://Scenes/Game/16_spikes.tscn" id="6_752co"]
[ext_resource type="PackedScene" uid="uid://d3jcbbtay1rqp" path="res://Scenes/Game/4_spikes.tscn" id="6_uj4gc"]
[ext_resource type="PackedScene" uid="uid://c8a3g03p0fs0r" path="res://Scenes/Game/flag.tscn" id="7_r6akh"]
[ext_resource type="PackedScene" uid="uid://cgk261pqsiuxi" path="res://Scenes/Game/light.tscn" id="9_hxm02"]

[node name="Level" type="Node3D"]

[node name="Tube" type="Node3D" parent="."]

[node name="Wall1" parent="Tube" instance=ExtResource("2_8ffim")]
transform = Transform3D(14.6747, 0, 0, 0, 56.8639, 0, 0, 0, 15.3933, -1.15078, -1.57947, 1.7724)

[node name="Wall2" parent="Tube" instance=ExtResource("2_8ffim")]
transform = Transform3D(14.6747, 0, 0, 0, 56.8639, 0, 0, 0, 15.3933, -1.15078, 112.149, 1.7724)

[node name="Floor" parent="Tube" instance=ExtResource("1_vk57k")]
transform = Transform3D(24.2696, 0, 0, 0, 0.2502, 0, 0, 0, 25.2957, -0.385344, -13.5748, 1.29432)

[node name="Spikes" type="Node3D" parent="Tube/Floor"]
transform = Transform3D(0.0412038, 0, 0, 0, 3.9968, 0, 0, 0, 0.0395324, 0.0158776, 54.2558, -0.0511676)

[node name="16Spikes9" parent="Tube/Floor/Spikes" instance=ExtResource("6_752co")]
transform = Transform3D(1, 0, 0, 0, 1, 0, 0, 0, 1, -5.53008, -13.3531, -2.42366)

[node name="16Spikes10" parent="Tube/Floor/Spikes" instance=ExtResource("6_752co")]
transform = Transform3D(1, 0, 0, 0, 1, 0, 0, 0, 1, -0.752034, -13.3531, -4.24344)

[node name="16Spikes11" parent="Tube/Floor/Spikes" instance=ExtResource("6_752co")]
transform = Transform3D(1, 0, 0, 0, 1, 0, 0, 0, 1, -0.752034, -13.3531, 0.515185)

[node name="16Spikes12" parent="Tube/Floor/Spikes" instance=ExtResource("6_752co")]
transform = Transform3D(1, 0, 0, 0, 1, 0, 0, 0, 1, -5.52276, -13.3531, 2.41775)

[node name="16Spikes13" parent="Tube/Floor/Spikes" instance=ExtResource("6_752co")]
transform = Transform3D(1, 0, 0, 0, 1, 0, 0, 0, 1, -5.52276, -13.3531, 7.2514)

[node name="16Spikes14" parent="Tube/Floor/Spikes" instance=ExtResource("6_752co")]
transform = Transform3D(1, 0, 0, 0, 1, 0, 0, 0, 1, -0.75092, -13.3531, 5.29735)

[node name="16Spikes15" parent="Tube/Floor/Spikes" instance=ExtResource("6_752co")]
transform = Transform3D(1, 0, 0, 0, 1, 0, 0, 0, 1, -0.75092, -13.3531, 10.3187)

[node name="16Spikes16" parent="Tube/Floor/Spikes" instance=ExtResource("6_752co")]
transform = Transform3D(1, 0, 0, 0, 1, 0, 0, 0, 1, 3.96692, -13.3531, -2.96075)

[node name="16Spikes17" parent="Tube/Floor/Spikes" instance=ExtResource("6_752co")]
transform = Transform3D(1, 0, 0, 0, 1, 0, 0, 0, 1, 3.96692, -13.3531, 1.72938)

[node name="16Spikes18" parent="Tube/Floor/Spikes" instance=ExtResource("6_752co")]
transform = Transform3D(1, 0, 0, 0, 1, 0, 0, 0, 1, 3.96692, -13.3531, 6.47419)

[node name="Ceiling" parent="Tube" instance=ExtResource("1_vk57k")]
transform = Transform3D(24.2696, 0, 0, 0, 0.2502, 0, 0, 0, 25.2957, -0.385344, 167.886, 1.29432)

[node name="Flag" parent="." instance=ExtResource("7_r6akh")]
transform = Transform3D(7.16, 0, 0, 0, -4.54861e-07, -7.018, 0, 10.406, -3.06767e-07, -0.866285, -2.65092, 0.0687059)

[node name="SpawnPosition" type="Marker3D" parent="."]
transform = Transform3D(1, 0, 0, 0, 1, 0, 0, 0, 1, -1.00865, 93.8058, 1.69156)

[node name="SquareCentered" parent="." instance=ExtResource("1_vk57k")]
transform = Transform3D(4.85392, 0, 0, 0, 0.2502, 0, 0, 0, 5.05913, -1.13742, 91.7492, 1.97009)

[node name="Obstacles" type="Node3D" parent="."]

[node name="XShape" parent="Obstacles" instance=ExtResource("3_xfk5q")]
transform = Transform3D(1, 0, 0, 0, 1, 0, 0, 0, 1, -0.78961, -3.08616, 1.49415)

[node name="XShape2" parent="Obstacles" instance=ExtResource("3_xfk5q")]
transform = Transform3D(0.707107, 0, -0.707107, 0, 1, 0, 0.707107, 0, 0.707107, -0.78961, -3.08616, 1.49415)

[node name="SquareEdges" parent="Obstacles" instance=ExtResource("4_7p6j4")]
transform = Transform3D(2.26749, 0, -0.786431, 0, 2.4, 0, 0.786431, 0, 2.26749, -1, 5, 1.91626)

[node name="16Spikes5" parent="Obstacles/SquareEdges" instance=ExtResource("6_752co")]
transform = Transform3D(0.416667, 0, 0, 0, 0.416667, 0, 0, 0, 0.416667, 1.84919, 0.0217459, -1.888)

[node name="16Spikes6" parent="Obstacles/SquareEdges" instance=ExtResource("6_752co")]
transform = Transform3D(0.416667, 0, 0, 0, 0.416667, 0, 0, 0, 0.416667, 1.80085, -0.000208378, 1.89066)

[node name="16Spikes7" parent="Obstacles/SquareEdges" instance=ExtResource("6_752co")]
transform = Transform3D(0.416667, 0, 0, 0, 0.416667, 0, 0, 0, 0.416667, -1.78273, 0.0040834, 1.89066)

[node name="16Spikes8" parent="Obstacles/SquareEdges" instance=ExtResource("6_752co")]
transform = Transform3D(0.416667, 0, 0, 0, 0.416667, 0, 0, 0, 0.416667, -1.78273, 0.00281262, -1.8083)

[node name="SquareCross" parent="Obstacles" instance=ExtResource("5_6444e")]
transform = Transform3D(4.27422, 0, -1.53056, 0, 4.54, 0, 1.53056, 0, 4.27422, -1.116, 15, 1.932)

[node name="16Spikes" parent="Obstacles/SquareCross" instance=ExtResource("6_752co")]
transform = Transform3D(0.220264, 0, 0, 0, 0.220264, 0, 0, 0, 0.220264, 0.998392, 0.0177753, 0.00962776)

[node name="16Spikes2" parent="Obstacles/SquareCross" instance=ExtResource("6_752co")]
transform = Transform3D(0.220264, 0, 0, 0, 0.220264, 0, 0, 0, 0.220264, -1.03162, 0.0177753, 0.00962776)

[node name="16Spikes3" parent="Obstacles/SquareCross" instance=ExtResource("6_752co")]
transform = Transform3D(0.220264, 0, 0, 0, 0.220264, 0, 0, 0, 0.220264, 0.00149341, 0.0177753, 1.05037)

[node name="16Spikes4" parent="Obstacles/SquareCross" instance=ExtResource("6_752co")]
transform = Transform3D(0.220264, 0, 0, 0, 0.220264, 0, 0, 0, 0.220264, 0.00149341, 0.0177753, -1.00145)

[node name="Cross" parent="Obstacles" instance=ExtResource("3_xfk5q")]
transform = Transform3D(0.707008, 0, -0.707205, 0, 1, 0, 0.707205, 0, 0.707008, -1.092, 25, 2.175)

[node name="4Spikes" parent="Obstacles/Cross" instance=ExtResource("6_uj4gc")]
transform = Transform3D(0.906271, 0, -0.422697, 0, 1, 0, 0.422697, 0, 0.906271, 0.0415369, 0, 0.200786)

[node name="Cross2" parent="Obstacles" instance=ExtResource("3_xfk5q")]
transform = Transform3D(0.465028, 0, -0.885296, 0, 1, 0, 0.885296, 0, 0.465028, -1.092, 35, 2.175)

[node name="4Spikes" parent="Obstacles/Cross2" instance=ExtResource("6_uj4gc")]
transform = Transform3D(0.741687, 0, -0.38033, 0, 1, 0, 0.345933, 0, 0.815436, -2.30577, 0.117733, 5.47905)

[node name="4Spikes2" parent="Obstacles/Cross2" instance=ExtResource("6_uj4gc")]
transform = Transform3D(0.741687, 0, -0.38033, 0, 1, 0, 0.345933, 0, 0.815436, 5.39349, 0.123356, 2.48924)

[node name="4Spikes3" parent="Obstacles/Cross2" instance=ExtResource("6_uj4gc")]
transform = Transform3D(0.741687, 0, -0.38033, 0, 1, 0, 0.345933, 0, 0.815436, -6.28057, 0.123356, -2.63315)

[node name="4Spikes4" parent="Obstacles/Cross2" instance=ExtResource("6_uj4gc")]
transform = Transform3D(0.741687, 0, -0.38033, 0, 1, 0, 0.345933, 0, 0.815436, 2.46814, 0.123356, -5.33533)

[node name="Cross4" parent="Obstacles" instance=ExtResource("3_xfk5q")]
transform = Transform3D(-0.0099307, 0, -0.999951, 0, 1, 0, 0.999951, 0, -0.0099307, -1.092, 45, 2.175)

[node name="4Spikes4" parent="Obstacles/Cross4" instance=ExtResource("6_uj4gc")]
transform = Transform3D(0.741687, 0, -0.380331, 0, 1, 0, 0.345933, 0, 0.815436, -0.821242, 0.123356, 2.07839)

[node name="4Spikes9" parent="Obstacles/Cross4" instance=ExtResource("6_uj4gc")]
transform = Transform3D(0.741687, 0, -0.380331, 0, 1, 0, 0.345934, 0, 0.815437, -1.67749, 0.123356, 4.04244)

[node name="4Spikes10" parent="Obstacles/Cross4" instance=ExtResource("6_uj4gc")]
transform = Transform3D(0.741687, 0, -0.380331, 0, 1, 0, 0.345934, 0, 0.815437, -1.7237, 0.123356, -0.61007)

[node name="4Spikes11" parent="Obstacles/Cross4" instance=ExtResource("6_uj4gc")]
transform = Transform3D(0.741687, 0, -0.380331, 0, 1, 0, 0.345934, 0, 0.815437, -3.55217, 0.123356, -1.40049)

[node name="4Spikes5" parent="Obstacles/Cross4" instance=ExtResource("6_uj4gc")]
transform = Transform3D(0.741687, 0, -0.380331, 0, 1, 0, 0.345933, 0, 0.815436, 0.830205, 0.123356, -1.73946)

[node name="4Spikes6" parent="Obstacles/Cross4" instance=ExtResource("6_uj4gc")]
transform = Transform3D(0.741687, 0, -0.380331, 0, 1, 0, 0.345934, 0, 0.815437, 1.6878, 0.123356, -3.61499)

[node name="4Spikes7" parent="Obstacles/Cross4" instance=ExtResource("6_uj4gc")]
transform = Transform3D(0.741687, 0, -0.380331, 0, 1, 0, 0.345934, 0, 0.815437, 1.74816, 0.123356, 0.931551)

[node name="4Spikes8" parent="Obstacles/Cross4" instance=ExtResource("6_uj4gc")]
transform = Transform3D(0.741687, 0, -0.380331, 0, 1, 0, 0.345934, 0, 0.815437, 3.55615, 0.123356, 1.77062)

[node name="SquareCross2" parent="Obstacles" instance=ExtResource("5_6444e")]
transform = Transform3D(4.27422, 0, -1.53056, 0, 4.54, 0, 1.53056, 0, 4.27422, -1.116, 55, 1.932)

[node name="16Spikes" parent="Obstacles/SquareCross2" instance=ExtResource("6_752co")]
transform = Transform3D(0.220264, 0, 0, 0, 0.220264, 0, 0, 0, 0.220264, 0.998392, 0.0177753, 0.00962776)

[node name="16Spikes2" parent="Obstacles/SquareCross2" instance=ExtResource("6_752co")]
transform = Transform3D(0.220264, 0, 0, 0, 0.220264, 0, 0, 0, 0.220264, -1.03162, 0.0177753, 0.00962776)

[node name="16Spikes3" parent="Obstacles/SquareCross2" instance=ExtResource("6_752co")]
transform = Transform3D(0.220264, 0, 0, 0, 0.220264, 0, 0, 0, 0.220264, 0.00149341, 0.0177753, 1.05037)

[node name="16Spikes4" parent="Obstacles/SquareCross2" instance=ExtResource("6_752co")]
transform = Transform3D(0.220264, 0, 0, 0, 0.220264, 0, 0, 0, 0.220264, 0.00149341, 0.0177753, -1.00145)

[node name="Cross3" parent="Obstacles" instance=ExtResource("3_xfk5q")]
transform = Transform3D(0.0944212, 0, -0.995533, 0, 1, 0, 0.995533, 0, 0.0944212, -1.14582, 65, 2.19394)

[node name="4Spikes4" parent="Obstacles/Cross3" instance=ExtResource("6_uj4gc")]
transform = Transform3D(0.741687, 0, -0.380331, 0, 1, 0, 0.345933, 0, 0.815436, -0.821242, 0.123356, 2.07839)

[node name="4Spikes9" parent="Obstacles/Cross3" instance=ExtResource("6_uj4gc")]
transform = Transform3D(0.741687, 0, -0.380331, 0, 1, 0, 0.345934, 0, 0.815437, -1.67749, 0.123356, 4.04244)

[node name="4Spikes10" parent="Obstacles/Cross3" instance=ExtResource("6_uj4gc")]
transform = Transform3D(0.741687, 0, -0.380331, 0, 1, 0, 0.345934, 0, 0.815437, -1.7237, 0.123356, -0.61007)

[node name="4Spikes11" parent="Obstacles/Cross3" instance=ExtResource("6_uj4gc")]
transform = Transform3D(0.741687, 0, -0.380331, 0, 1, 0, 0.345934, 0, 0.815437, -3.55217, 0.123356, -1.40049)

[node name="4Spikes5" parent="Obstacles/Cross3" instance=ExtResource("6_uj4gc")]
transform = Transform3D(0.741687, 0, -0.380331, 0, 1, 0, 0.345933, 0, 0.815436, 0.830205, 0.123356, -1.73946)

[node name="4Spikes6" parent="Obstacles/Cross3" instance=ExtResource("6_uj4gc")]
transform = Transform3D(0.741687, 0, -0.380331, 0, 1, 0, 0.345934, 0, 0.815437, 1.6878, 0.123356, -3.61499)

[node name="4Spikes7" parent="Obstacles/Cross3" instance=ExtResource("6_uj4gc")]
transform = Transform3D(0.741687, 0, -0.380331, 0, 1, 0, 0.345934, 0, 0.815437, 1.74816, 0.123356, 0.931551)

[node name="4Spikes8" parent="Obstacles/Cross3" instance=ExtResource("6_uj4gc")]
transform = Transform3D(0.741687, 0, -0.380331, 0, 1, 0, 0.345934, 0, 0.815437, 3.55615, 0.123356, 1.77062)

[node name="SquareEdges2" parent="Obstacles" instance=ExtResource("4_7p6j4")]
transform = Transform3D(2.26749, 0, -0.786431, 0, 2.4, 0, 0.786431, 0, 2.26749, -1, 75, 1.916)

[node name="16Spikes5" parent="Obstacles/SquareEdges2" instance=ExtResource("6_752co")]
transform = Transform3D(0.416667, 0, 0, 0, 0.416667, 0, 0, 0, 0.416667, 1.84919, 0.0217459, -1.888)

[node name="16Spikes6" parent="Obstacles/SquareEdges2" instance=ExtResource("6_752co")]
transform = Transform3D(0.416667, 0, 0, 0, 0.416667, 0, 0, 0, 0.416667, 1.80085, -0.000208378, 1.89066)

[node name="16Spikes7" parent="Obstacles/SquareEdges2" instance=ExtResource("6_752co")]
transform = Transform3D(0.416667, 0, 0, 0, 0.416667, 0, 0, 0, 0.416667, -1.78273, 0.0040834, 1.89066)

[node name="16Spikes8" parent="Obstacles/SquareEdges2" instance=ExtResource("6_752co")]
transform = Transform3D(0.416667, 0, 0, 0, 0.416667, 0, 0, 0, 0.416667, -1.78273, 0.00281262, -1.8083)

[node name="XShape3" parent="Obstacles" instance=ExtResource("3_xfk5q")]
transform = Transform3D(1, 0, 0, 0, 1, 0, 0, 0, 1, -1.523, 85, 1.638)

[node name="Lights" type="Node3D" parent="."]

[node name="Light0" parent="Lights" instance=ExtResource("9_hxm02")]
transform = Transform3D(-0.0320249, -0.925409, -0.377614, 0.999402, -0.0345855, 4.85783e-09, -0.01306, -0.377389, 0.925963, 4.903, 0, 4.495)

[node name="Light1" parent="Lights" instance=ExtResource("9_hxm02")]
transform = Transform3D(-0.0320249, -0.925409, -0.377614, 0.999402, -0.0345855, 4.85783e-09, -0.01306, -0.377389, 0.925963, 4.903, 10, 4.495)

[node name="Light2" parent="Lights" instance=ExtResource("9_hxm02")]
transform = Transform3D(-0.0320249, -0.925409, -0.377614, 0.999402, -0.0345855, 4.85783e-09, -0.01306, -0.377389, 0.925963, 4.903, 20, 4.495)

[node name="Light3" parent="Lights" instance=ExtResource("9_hxm02")]
transform = Transform3D(-0.0320249, -0.925409, -0.377614, 0.999402, -0.0345855, 4.85783e-09, -0.01306, -0.377389, 0.925963, 4.903, 30, 4.495)

[node name="Light4" parent="Lights" instance=ExtResource("9_hxm02")]
transform = Transform3D(-0.0320249, -0.925409, -0.377614, 0.999402, -0.0345855, 4.85783e-09, -0.01306, -0.377389, 0.925963, 4.903, 40, 4.495)

[node name="Light5" parent="Lights" instance=ExtResource("9_hxm02")]
transform = Transform3D(-0.0320249, -0.925409, -0.377614, 0.999402, -0.0345855, 4.85783e-09, -0.01306, -0.377389, 0.925963, 4.903, 50, 4.495)

[node name="Light6" parent="Lights" instance=ExtResource("9_hxm02")]
transform = Transform3D(-0.0320249, -0.925409, -0.377614, 0.999402, -0.0345855, 4.85783e-09, -0.01306, -0.377389, 0.925963, 4.903, 60, 4.495)

[node name="Light7" parent="Lights" instance=ExtResource("9_hxm02")]
transform = Transform3D(-0.0320249, -0.925409, -0.377614, 0.999402, -0.0345855, 4.85783e-09, -0.01306, -0.377389, 0.925963, 4.903, 70, 4.495)

[node name="Light8" parent="Lights" instance=ExtResource("9_hxm02")]
transform = Transform3D(-0.0320249, -0.925409, -0.377614, 0.999402, -0.0345855, 4.85783e-09, -0.01306, -0.377389, 0.925963, 4.903, 80, 4.495)

[node name="Light9" parent="Lights" instance=ExtResource("9_hxm02")]
transform = Transform3D(-0.0320249, -0.925409, -0.377614, 0.999402, -0.0345855, 4.85783e-09, -0.01306, -0.377389, 0.925963, 4.903, 90, 4.495)

[node name="Light10" parent="Lights" instance=ExtResource("9_hxm02")]
transform = Transform3D(-0.0320249, -0.925409, -0.377614, 0.999402, -0.0345855, 4.85783e-09, -0.01306, -0.377389, 0.925963, 4.903, 100, 4.495)
